 102.298  29.325   0.00   0.00   0.00   0.00  0.000 xsh        DLSe CDn    1   0.0   0.0   0.0   0.0  1.000  0.000 -0.00  0.00  0.00  0.00 339.1  88.0   0.0   0.0
 102.222  29.544   0.00   0.00   0.00   0.00  0.000 xsh        DLSe CDn    1   0.0   0.0   0.0   0.0  1.000  0.000 -0.00  0.00  0.00  0.00 346.1  88.0   0.0   0.0
 102.160  29.789   0.00   0.00   0.00   0.00  0.000 xsh        DLSe CDn    1   0.0   0.0   0.0   0.0  1.000  0.000 -0.00  0.00  0.00  0.00 349.4  88.0   0.0   0.0
 103.259  26.082   0.00   0.00   0.00   0.00  0.000 xiaojiang  SC   CDs    2   0.0   0.0   0.0   0.0  1.000  0.000 -0.00  0.00  0.00  0.00 338.9  88.0   0.0   0.0
 103.192  26.261   0.00   0.00   0.00   0.00  0.000 xiaojiang  SC   CDs    2   0.0   0.0   0.0   0.0  1.000  0.000 -0.00  0.00  0.00  0.00 342.3  88.0   0.0   0.0
 103.106  26.515   0.00   0.00   0.00   0.00  0.000 xiaojiang  SC   CDs    2   0.0   0.0   0.0   0.0  1.000  0.000 -0.00  0.00  0.00  0.00 343.7  88.0   0.0   0.0
 103.037  26.712   0.00   0.00   0.00   0.00  0.000 xiaojiang  SC   CDs    2   0.0   0.0   0.0   0.0  1.000  0.000 -0.00  0.00  0.00  0.00 341.2  88.0   0.0   0.0
 102.864  26.971   0.00   0.00   0.00   0.00  0.000 anning_zem DLSw CDs    3   0.0   0.0   0.0   0.0  1.000  0.000 -0.00  0.00  0.00  0.00 318.3  88.0   0.0   0.0
 102.711  27.161   0.00   0.00   0.00   0.00  0.000 anning_zem DLSw CDs    3   0.0   0.0   0.0   0.0  1.000  0.000 -0.00  0.00  0.00  0.00 329.7  88.0   0.0   0.0
 102.574  27.378   0.00   0.00   0.00   0.00  0.000 anning_zem DLSw CDs    3   0.0   0.0   0.0   0.0  1.000  0.000 -0.00  0.00  0.00  0.00 331.5  88.0   0.0   0.0
 102.459  27.564   0.00   0.00   0.00   0.00  0.000 anning_zem DLSw CDs    3   0.0   0.0   0.0   0.0  1.000  0.000 -0.00  0.00  0.00  0.00 330.4  88.0   0.0   0.0
 102.364  27.720   0.00   0.00   0.00   0.00  0.000 anning_zem DLSw CDs    3   0.0   0.0   0.0   0.0  1.000  0.000 -0.00  0.00  0.00  0.00 333.2  88.0   0.0   0.0
 102.299  27.930   0.00   0.00   0.00   0.00  0.000 anning_zem DLSw CDs    3   0.0   0.0   0.0   0.0  1.000  0.000 -0.00  0.00  0.00  0.00 352.9  88.0   0.0   0.0
 102.290  28.169   0.00   0.00   0.00   0.00  0.000 anning_zem DLSw CDs    3   0.0   0.0   0.0   0.0  1.000  0.000 -0.00  0.00  0.00  0.00   4.4  88.0   0.0   0.0
 102.300  28.381   0.00   0.00   0.00   0.00  0.000 anning_zem DLSw CDs    3   0.0   0.0   0.0   0.0  1.000  0.000 -0.00  0.00  0.00  0.00   0.0  88.0   0.0   0.0
 102.294  28.601   0.00   0.00   0.00   0.00  0.000 anning_zem DLSw CDs    3   0.0   0.0   0.0   0.0  1.000  0.000 -0.00  0.00  0.00  0.00 357.4  88.0   0.0   0.0
 102.302  28.782   0.00   0.00   0.00   0.00  0.000 anning_zem DLSw CDs    3   0.0   0.0   0.0   0.0  1.000  0.000 -0.00  0.00  0.00  0.00  10.7  88.0   0.0   0.0
 102.346  28.933   0.00   0.00   0.00   0.00  0.000 anning_zem DLSw CDs    3   0.0   0.0   0.0   0.0  1.000  0.000 -0.00  0.00  0.00  0.00  17.3  88.0   0.0   0.0
 102.370  29.077   0.00   0.00   0.00   0.00  0.000 anning_zem DLSw CDs    3   0.0   0.0   0.0   0.0  1.000  0.000 -0.00  0.00  0.00  0.00 353.8  88.0   0.0   0.0
 102.969  26.970   0.00   0.00   0.00   0.00  0.000 dls        SC   DLSw   4   0.0   0.0   0.0   0.0  1.000  0.000 -0.00  0.00  0.00  0.00 351.8  88.0   0.0   0.0
 102.963  27.221   0.00   0.00   0.00   0.00  0.000 dls        DLSe DLSw   4   0.0   0.0   0.0   0.0  1.000  0.000 -0.00  0.00  0.00  0.00   3.0  88.0   0.0   0.0
 102.973  27.534   0.00   0.00   0.00   0.00  0.000 dls        DLSe DLSw   4   0.0   0.0   0.0   0.0  1.000  0.000 -0.00  0.00  0.00  0.00   0.0  88.0   0.0   0.0
 102.973  27.818   0.00   0.00   0.00   0.00  0.000 dls        DLSe DLSw   4   0.0   0.0   0.0   0.0  1.000  0.000 -0.00  0.00  0.00  0.00 360.0  88.0   0.0   0.0
 102.923  28.081   0.00   0.00   0.00   0.00  0.000 dls        DLSe DLSw   4   0.0   0.0   0.0   0.0  1.000  0.000 -0.00  0.00  0.00  0.00 341.5  88.0   0.0   0.0
 102.817  28.304   0.00   0.00   0.00   0.00  0.000 dls        DLSe DLSw   4   0.0   0.0   0.0   0.0  1.000  0.000 -0.00  0.00  0.00  0.00 331.4  88.0   0.0   0.0
 102.732  28.545   0.00   0.00   0.00   0.00  0.000 dls        DLSe DLSw   4   0.0   0.0   0.0   0.0  1.000  0.000 -0.00  0.00  0.00  0.00 350.5  88.0   0.0   0.0
 102.682  28.778   0.00   0.00   0.00   0.00  0.000 dls        DLSe DLSw   4   0.0   0.0   0.0   0.0  1.000  0.000 -0.00  0.00  0.00  0.00 347.3  88.0   0.0   0.0
 102.582  28.949   0.00   0.00   0.00   0.00  0.000 dls        DLSe DLSw   4   0.0   0.0   0.0   0.0  1.000  0.000 -0.00  0.00  0.00  0.00 321.5  88.0   0.0   0.0
 102.443  29.103   0.00   0.00   0.00   0.00  0.000 dls        DLSe DLSw   4   0.0   0.0   0.0   0.0  1.000  0.000 -0.00  0.00  0.00  0.00 321.4  88.0   0.0   0.0
 102.204  29.033   0.00   0.00   0.00   0.00  0.000 lijiang    CDn  CDs    5   0.0   0.0   0.0   0.0  1.000  0.000  0.00  0.00  0.00  0.00 197.3  88.0   0.0   0.0
 102.040  28.687   0.00   0.00   0.00   0.00  0.000 lijiang    CDn  CDs    5   0.0   0.0   0.0   0.0  1.000  0.000  0.00  0.00  0.00  0.00 205.0  88.0   0.0   0.0
 101.802  28.251   0.00   0.00   0.00   0.00  0.000 lijiang    CDn  CDs    5   0.0   0.0   0.0   0.0  1.000  0.000  0.00  0.00  0.00  0.00 206.7  88.0   0.0   0.0
 101.529  27.911   0.00   0.00   0.00   0.00  0.000 lijiang    CDn  CDs    5   0.0   0.0   0.0   0.0  1.000  0.000  0.00  0.00  0.00  0.00 225.3  88.0   0.0   0.0
 101.129  27.610   0.00   0.00   0.00   0.00  0.000 lijiang    CDn  CDs    5   0.0   0.0   0.0   0.0  1.000  0.000  0.00  0.00  0.00  0.00 233.1  88.0   0.0   0.0
 100.715  27.287   0.00   0.00   0.00   0.00  0.000 lijiang    CDn  CDs    5   0.0   0.0   0.0   0.0  1.000  0.000  0.00  0.00  0.00  0.00 223.9  88.0   0.0   0.0
 100.380  27.016   0.00   0.00   0.00   0.00  0.000 lijiang    CDn  CDs    5   0.0   0.0   0.0   0.0  1.000  0.000  0.00  0.00  0.00  0.00 233.1  88.0   0.0   0.0
 100.115  26.845   0.00   0.00   0.00   0.00  0.000 lijiang    CDn  CDs    5   0.0   0.0   0.0   0.0  1.000  0.000  0.00  0.00  0.00  0.00 235.8  88.0   0.0   0.0
 102.405  29.824   0.00   0.00   0.00   0.00  0.000 yanfeng    DLSe SC     6   0.0   0.0   0.0   0.0  1.000  0.000 -0.00  0.00 -0.00  0.00 102.6  65.1   0.0   0.0
 102.804  29.745   0.00   0.00   0.00   0.00  0.000 yanfeng    DLSe SC     6   0.0   0.0   0.0   0.0  1.000  0.000 -0.00  0.00 -0.00  0.00 103.1  65.1   0.0   0.0
 103.051  29.685   0.00   0.00   0.00   0.00  0.000 yanfeng    DLSe SC     6   0.0   0.0   0.0   0.0  1.000  0.000 -0.00  0.00 -0.00  0.00 107.4  65.1   0.0   0.0
 103.211  29.631   0.00   0.00   0.00   0.00  0.000 yanfeng    DLSe SC     6   0.0   0.0   0.0   0.0  1.000  0.000 -0.00  0.00 -0.00  0.00 139.9  65.0   0.0   0.0
 103.233  29.500   0.00   0.00   0.00   0.00  0.000 yanfeng    DLSe SC     6   0.0   0.0   0.0   0.0  1.000  0.000 -0.00  0.00 -0.00  0.00 179.1  65.0   0.0   0.0
 103.249  29.277   0.00   0.00   0.00   0.00  0.000 yanfeng    DLSe SC     6   0.0   0.0   0.0   0.0  1.000  0.000 -0.00  0.00 -0.00  0.00 173.5  65.0   0.0   0.0
 103.303  29.081   0.00   0.00   0.00   0.00  0.000 yanfeng    DLSe SC     6   0.0   0.0   0.0   0.0  1.000  0.000 -0.00  0.00 -0.00  0.00 158.2  65.0   0.0   0.0
 103.397  28.918   0.00   0.00   0.00   0.00  0.000 yanfeng    DLSe SC     6   0.0   0.0   0.0   0.0  1.000  0.000 -0.00  0.00 -0.00  0.00 147.3  65.0   0.0   0.0
 103.453  28.787   0.00   0.00   0.00   0.00  0.000 yanfeng    DLSe SC     6   0.0   0.0   0.0   0.0  1.000  0.000 -0.00  0.00 -0.00  0.00 178.5  65.0   0.0   0.0
 103.431  28.623   0.00   0.00   0.00   0.00  0.000 yanfeng    DLSe SC     6   0.0   0.0   0.0   0.0  1.000  0.000  0.00  0.00  0.00  0.00 190.5  65.0   0.0   0.0
 103.384  28.412   0.00   0.00   0.00   0.00  0.000 yanfeng    DLSe SC     6   0.0   0.0   0.0   0.0  1.000  0.000  0.00  0.00  0.00  0.00 192.2  65.0   0.0   0.0
 103.361  28.251   0.00   0.00   0.00   0.00  0.000 yanfeng    DLSe SC     6   0.0   0.0   0.0   0.0  1.000  0.000 -0.00  0.00 -0.00  0.00 178.0  65.0   0.0   0.0
 103.393  28.127   0.00   0.00   0.00   0.00  0.000 yanfeng    DLSe SC     6   0.0   0.0   0.0   0.0  1.000  0.000 -0.00  0.00 -0.00  0.00 158.4  65.0   0.0   0.0
 103.419  27.981   0.00   0.00   0.00   0.00  0.000 yanfeng    DLSe SC     6   0.0   0.0   0.0   0.0  1.000  0.000  0.00  0.00  0.00  0.00 182.5  65.0   0.0   0.0
 103.426  27.839   0.00   0.00   0.00   0.00  0.000 yanfeng    DLSe SC     6   0.0   0.0   0.0   0.0  1.000  0.000 -0.00  0.00 -0.00  0.00 172.9  65.0   0.0   0.0
 103.386  27.745   0.00   0.00   0.00   0.00  0.000 yanfeng    DLSe SC     6   0.0   0.0   0.0   0.0  1.000  0.000  0.00  0.00  0.00  0.00 231.6  65.0   0.0   0.0
 103.264  27.660   0.00   0.00   0.00   0.00  0.000 yanfeng    DLSe SC     6   0.0   0.0   0.0   0.0  1.000  0.000  0.00  0.00  0.00  0.00 229.4  65.0   0.0   0.0
 103.128  27.538   0.00   0.00   0.00   0.00  0.000 yanfeng    DLSe SC     6   0.0   0.0   0.0   0.0  1.000  0.000  0.00  0.00  0.00  0.00 221.2  65.0   0.0   0.0
 103.014  27.391   0.00   0.00   0.00   0.00  0.000 yanfeng    DLSe SC     6   0.0   0.0   0.0   0.0  1.000  0.000  0.00  0.00  0.00  0.00 209.6  65.0   0.0   0.0
 102.933  27.096   0.00   0.00   0.00   0.00  0.000 yanfeng    DLSe SC     6   0.0   0.0   0.0   0.0  1.000  0.000  0.00  0.00  0.00  0.00 187.8  65.0   0.0   0.0
