104.064  30.639  CHDU_GPS  0
104.921  26.567  F080_GPS  0
103.933  26.706  F356_GPS  0
104.088  26.251  F357_GPS  0
104.529  30.914  F359_GPS  0
104.633  28.741  F360_GPS  0
104.863  26.586  GZSC_GPS  0
102.775  30.992  H051_GPS  0
101.866  30.949  H052_GPS  0
101.163  30.955  H053_GPS  0
104.077  30.732  H058_GPS  0
103.865  30.692  H059_GPS  0
103.410  30.415  H060_GPS  0
102.840  30.252  H061_GPS  0
100.307  30.925  H063_GPS  0
103.845  30.041  H064_GPS  0
103.003  29.975  H065_GPS  0
101.788  30.074  H066_GPS  0
101.486  30.075  H067_GPS  0
101.023  30.106  H068_GPS  0
102.817  29.789  H072_GPS  0
102.290  29.848  H073_GPS  0
101.558  29.846  H074_GPS  0
100.390  29.695  H075_GPS  0
103.468  29.602  H076_GPS  0
102.655  29.348  H077_GPS  0
102.080  29.688  H078_GPS  0
101.524  30.326  H079_GPS  0
100.121  29.175  H080_GPS  0
103.261  29.228  H081_GPS  0
102.439  29.263  H082_GPS  0
101.518  28.964  H083_GPS  0
103.043  28.847  H086_GPS  0
102.767  28.955  H087_GPS  0
103.978  28.605  H088_GPS  0
103.121  28.312  H089_GPS  0
102.532  28.672  H090_GPS  0
102.437  28.300  H091_GPS  0
102.126  28.514  H092_GPS  0
103.640  28.250  H093_GPS  0
102.833  27.999  H094_GPS  0
102.232  27.874  H095_GPS  0
101.238  27.656  H096_GPS  0
100.653  27.748  H097_GPS  0
103.892  27.769  H098_GPS  0
103.269  27.684  H099_GPS  0
102.789  27.693  H100_GPS  0
103.687  27.356  H101_GPS  0
102.549  27.371  H102_GPS  0
102.188  27.454  H103_GPS  0
101.710  27.539  H104_GPS  0
100.934  27.138  H106_GPS  0
100.065  27.109  H107_GPS  0
102.907  26.931  H108_GPS  0
102.611  26.620  H109_GPS  0
102.263  26.690  H110_GPS  0
102.100  26.826  H111_GPS  0
101.959  27.049  H112_GPS  0
101.855  26.690  H113_GPS  0
101.245  26.677  H114_GPS  0
101.749  26.504  H116_GPS  0
100.757  26.665  H117_GPS  0
103.227  26.405  H119_GPS  0
103.166  26.105  H120_GPS  0
102.532  26.002  H121_GPS  0
101.682  26.050  H122_GPS  0
100.597  26.212  H123_GPS  0
100.278  29.993  H185_GPS  0
100.046  27.511  H327_GPS  0
100.177  26.268  H328_GPS  0
100.323  30.465  H329_GPS  0
100.343  28.559  H330_GPS  0
100.455  26.999  H333_GPS  0
100.680  26.448  H334_GPS  0
100.923  28.126  H337_GPS  0
101.090  29.767  H338_GPS  0
100.936  26.142  H340_GPS  0
101.000  27.623  H342_GPS  0
101.065  30.572  H343_GPS  0
101.404  30.612  H345_GPS  0
101.388  27.047  H346_GPS  0
101.500  29.334  H347_GPS  0
101.455  27.667  H349_GPS  0
101.754  30.621  H355_GPS  0
101.865  28.230  H357_GPS  0
101.953  28.632  H358_GPS  0
102.151  27.759  H359_GPS  0
102.186  30.101  H361_GPS  0
102.228  29.449  H363_GPS  0
102.250  28.746  H365_GPS  0
102.339  29.135  H366_GPS  0
102.415  27.873  H367_GPS  0
102.390  29.941  H368_GPS  0
102.416  27.629  H369_GPS  0
102.578  30.050  H372_GPS  0
102.559  27.883  H373_GPS  0
102.615  28.626  H375_GPS  0
102.710  27.949  H376_GPS  0
102.755  30.044  H377_GPS  0
102.655  28.460  H378_GPS  0
102.875  30.466  H384_GPS  0
103.016  28.121  H386_GPS  0
103.036  26.642  H387_GPS  0
103.215  30.146  H391_GPS  0
103.435  28.096  H394_GPS  0
103.357  29.912  H395_GPS  0
103.370  26.875  H396_GPS  0
103.821  29.373  H400_GPS  0
103.970  28.155  H401_GPS  0
104.092  30.430  H402_GPS  0
103.573  30.715  HB03_GPS  0
103.896  28.955  HB04_GPS  0
104.585  30.317  HN02_GPS  0
104.698  30.029  J414_GPS  0
101.497  30.495  JB35_GPS  0
103.526  28.843  JB36_GPS  0
101.514  27.420  JB37_GPS  0
100.170  26.883  JB38_GPS  0
100.278  29.993  JB40_GPS  0
104.545  30.388  JYAN_GPS  0
103.757  30.910  PIXI_GPS  0
104.103  30.200  RENS_GPS  0
101.123  30.978  SCDF_GPS  0
101.500  29.008  SCJL_GPS  0
104.516  28.179  SCJU_GPS  0
100.218  29.992  SCLT_GPS  0
103.534  28.840  SCMB_GPS  0
101.275  27.929  SCML_GPS  0
102.174  28.333  SCMN_GPS  0
102.716  27.057  SCNN_GPS  0
101.744  26.503  SCPZ_GPS  0
102.354  29.229  SCSM_GPS  0
102.765  30.074  SCTQ_GPS  0
102.437  28.300  SCXD_GPS  0
102.511  28.651  SCYX_GPS  0
101.513  27.432  SCYY_GPS  0
103.181  26.108  YNDC_GPS  0
103.292  26.408  YNHZ_GPS  0
100.029  26.696  YNLJ_GPS  0
100.754  26.683  YNYS_GPS  0
104.064  30.639  CHDU_GPS  0
103.262  29.228  EBIA_GPS  0
102.770  28.959  GANL_GPS  0
100.271  29.994  GAOC_GPS  0
102.270  27.795  GYAO_GPS  0
102.632  29.349  HANY_GPS  0
102.242  26.653  HUIL_GPS  0
104.516  28.179  JUNL_GPS  0
104.545  30.388  JYAN_GPS  0
103.755  29.565  LESH_GPS  0
103.534  28.840  MABI_GPS  0
102.356  30.999  MEIX_GPS  0
101.745  30.600  MNIU_GPS  0
102.115  29.650  MOXI_GPS  0
103.757  30.910  PIXI_GPS  0
103.306  30.354  QLAI_GPS  0
104.103  30.200  RENS_GPS  0
104.434  29.458  ROXI_GPS  0
101.123  30.978  SCDF_GPS  0
101.500  29.008  SCJL_GPS  0
100.218  29.992  SCLT_GPS  0
101.275  27.929  SCML_GPS  0
102.174  28.333  SCMN_GPS  0
102.716  27.057  SCNN_GPS  0
101.744  26.503  SCPZ_GPS  0
102.354  29.229  SCSM_GPS  0
102.765  30.074  SCTQ_GPS  0
102.437  28.300  SCXD_GPS  0
101.513  27.432  SCYY_GPS  0
101.526  30.326  TAGO_GPS  0
101.125  30.881  WARI_GPS  0
103.463  30.985  WCXI_GPS  0
101.500  29.008  XAER_GPS  0
102.348  27.809  XICH_GPS  0
103.011  29.981  YAAN_GPS  0
104.596  28.798  YBIN_GPS  0
103.905  28.954  MUCH_GPS  0
103.134  28.335  MEIG_GPS  0
102.511  28.651  SCYX_GPS  0
102.783  28.228  BIER_GPS  0
103.208  28.134  LIUH_GPS  0
102.487  28.044  LUOH_GPS  0
103.052  28.299  SIGQ_GPS  0
102.903  28.070  ZHUH_GPS  0
103.032  28.366  DIPU_GPS  0
102.080  28.335  HELI_GPS  0
102.333  28.022  XIHE_GPS  0
102.065  28.082  MINS_GPS  0
101.938  28.018  YINC_GPS  0
101.119  30.971  SCDA_GPS  0
102.351  28.330  LAKE_GPS  0
102.599  28.194  BJIU_GPS  0
102.222  28.128  LUJI_GPS  0
101.844  28.430  NAHE_GPS  0
102.947  28.521  SULX_GPS  0
102.228  28.380  HOUS_GPS  0
102.151  28.110  NLEC_GPS  0
102.627  28.350  NIBZ_GPS  0
102.798  28.596  LAJX_GPS  0
102.851  28.350  SPUX_GPS  0
101.347  28.340  KALA_GPS  0
101.607  28.320  LOBO_GPS  0
