A	1	1	1	173	102.30800	29.17770	0.00000	1.00	1.00	0	010.15	202112211028	0.6547395D+05	1.0000
A	1	1	2	173	102.31136	29.17882	10.00000	1.00	1.00	0	010.15	202112211028	0.1308698D+06	1.0000
A	1	1	3	173	102.31472	29.17994	20.00000	1.00	1.00	0	010.15	202112211028	0.6539589D+05	1.0000
A	1	2	1	173	102.21200	29.39790	0.00000	1.00	1.00	0	010.15	202112211028	0.1429926D+06	1.0000
A	1	2	2	173	102.21545	29.39882	10.00000	1.00	1.00	0	010.15	202112211028	0.2858078D+06	1.0000
A	1	2	3	173	102.21889	29.39975	20.00000	1.00	1.00	0	010.15	202112211028	0.1428153D+06	1.0000
A	1	3	1	173	102.13500	29.66890	0.00000	1.00	1.00	0	010.15	202112211028	0.1541227D+06	1.0000
A	1	3	2	173	102.13853	29.66957	10.00000	1.00	1.00	0	010.15	202112211028	0.3081114D+06	1.0000
A	1	3	3	173	102.14206	29.67023	20.00000	1.00	1.00	0	010.15	202112211028	0.1539887D+06	1.0000
A	1	4	1	173	102.07700	29.94000	0.00000	1.00	1.00	0	010.15	202112211028	0.7655720D+05	1.0000
A	1	4	2	173	102.08056	29.94058	10.00000	1.00	1.00	0	010.15	202112211028	0.1530797D+06	1.0000
A	1	4	3	173	102.08413	29.94115	20.00000	1.00	1.00	0	010.15	202112211028	0.7652246D+05	1.0000
A	2	1	1	147	103.25000	25.97610	0.00000	1.00	1.00	0	010.15	202112211028	0.4035870D+05	1.0000
A	2	1	2	147	103.25326	25.97723	10.00000	1.00	1.00	0	010.15	202112211028	0.8067039D+05	1.0000
A	2	1	3	148	103.25652	25.97836	20.00000	1.00	1.00	0	010.15	202112211028	0.4031168D+05	1.0000
A	2	2	1	151	103.19200	26.11160	0.00000	1.00	1.00	0	010.15	202112211028	0.1193780D+06	1.0000
A	2	2	2	151	103.19531	26.11261	10.00000	1.00	1.00	0	010.15	202112211028	0.2386708D+06	1.0000
A	2	2	3	151	103.19862	26.11363	20.00000	1.00	1.00	0	010.15	202112211028	0.1192929D+06	1.0000
A	2	3	1	161	103.09600	26.38260	0.00000	1.00	1.00	0	010.15	202112211028	0.1476433D+06	1.0000
A	2	3	2	161	103.09935	26.38352	10.00000	1.00	1.00	0	010.15	202112211028	0.2952559D+06	1.0000
A	2	3	3	161	103.10270	26.38444	20.00000	1.00	1.00	0	010.15	202112211028	0.1476126D+06	1.0000
A	2	4	1	168	103.01900	26.61980	0.00000	1.00	1.00	0	010.15	202112211028	0.1282734D+06	1.0000
A	2	4	2	168	103.02235	26.62074	10.00000	1.00	1.00	0	010.15	202112211028	0.2565808D+06	1.0000
A	2	4	3	168	103.02570	26.62168	20.00000	1.00	1.00	0	010.15	202112211028	0.1283074D+06	1.0000
A	2	5	1	172	102.94200	26.82300	0.00000	1.00	1.00	0	010.15	202112211028	0.5961527D+05	1.0000
A	2	5	2	172	102.94533	26.82401	10.00000	1.00	1.00	0	010.15	202112211028	0.1192572D+06	1.0000
A	2	5	3	172	102.94866	26.82502	20.00000	1.00	1.00	0	010.15	202112211028	0.5964193D+05	1.0000
A	3	1	1	172	102.94200	26.82300	0.00000	1.00	1.00	1	010.15	202112211028	0.3771880D+05	1.0000
A	3	1	2	172	102.94331	26.82404	5.00000	1.00	1.00	1	010.15	202112211028	0.7540913D+05	1.0000
A	3	1	3	172	102.94463	26.82509	10.00000	1.00	1.00	1	010.15	202112211028	0.7536610D+05	1.0000
A	3	1	4	172	102.94594	26.82613	15.00000	1.00	1.00	1	010.15	202112211029	0.7532306D+05	1.0000
A	3	1	5	172	102.94725	26.82718	20.00000	1.00	1.00	1	010.15	202112211029	0.3764729D+05	1.0000
A	3	2	1	173	102.74000	27.02590	0.00000	1.00	1.00	1	010.15	202112211028	0.7310798D+05	1.0000
A	3	2	2	173	102.74142	27.02683	5.00000	1.00	1.00	1	010.15	202112211028	0.1461531D+06	1.0000
A	3	2	3	173	102.74285	27.02775	10.00000	1.00	1.00	1	010.15	202112211028	0.1460582D+06	1.0000
A	3	2	4	173	102.74427	27.02868	15.00000	1.00	1.00	1	010.15	202112211029	0.1459632D+06	1.0000
A	3	2	5	173	102.74569	27.02960	20.00000	1.00	1.00	1	010.15	202112211029	0.7295018D+05	1.0000
A	3	3	1	173	102.59600	27.24610	0.00000	1.00	1.00	1	010.15	202112211028	0.7017394D+05	1.0000
A	3	3	2	173	102.59754	27.24687	5.00000	1.00	1.00	1	010.15	202112211028	0.1403109D+06	1.0000
A	3	3	3	173	102.59908	27.24764	10.00000	1.00	1.00	1	010.15	202112211029	0.1402550D+06	1.0000
A	3	3	4	173	102.60062	27.24841	15.00000	1.00	1.00	1	010.15	202112211029	0.1401991D+06	1.0000
A	3	3	5	173	102.60216	27.24918	20.00000	1.00	1.00	1	010.15	202112211029	0.7008103D+05	1.0000
A	3	4	1	173	102.46200	27.46620	0.00000	1.00	1.00	1	010.15	202112211028	0.5908079D+05	1.0000
A	3	4	2	173	102.46355	27.46696	5.00000	1.00	1.00	1	010.15	202112211028	0.1181545D+06	1.0000
A	3	4	3	173	102.46510	27.46772	10.00000	1.00	1.00	1	010.15	202112211029	0.1181439D+06	1.0000
A	3	4	4	173	102.46665	27.46848	15.00000	1.00	1.00	1	010.15	202112211029	0.1181333D+06	1.0000
A	3	4	5	173	102.46820	27.46924	20.00000	1.00	1.00	1	010.15	202112211029	0.5906314D+05	1.0000
A	3	5	1	173	102.36500	27.61850	0.00000	1.00	1.00	1	010.15	202112211028	0.5062872D+05	1.0000
A	3	5	2	173	102.36656	27.61924	5.00000	1.00	1.00	1	010.15	202112211028	0.1011879D+06	1.0000
A	3	5	3	173	102.36813	27.61998	10.00000	1.00	1.00	1	010.15	202112211029	0.1010826D+06	1.0000
A	3	5	4	173	102.36969	27.62072	15.00000	1.00	1.00	1	010.15	202112211029	0.1009773D+06	1.0000
A	3	5	5	173	102.37125	27.62146	20.00000	1.00	1.00	1	010.15	202112211029	0.5045386D+05	1.0000
A	3	6	1	173	102.26900	27.78780	0.00000	1.00	1.00	1	010.15	202112211028	0.6426737D+05	1.0000
A	3	6	2	173	102.27071	27.78821	5.00000	1.00	1.00	1	010.15	202112211028	0.1284035D+06	1.0000
A	3	6	3	173	102.27243	27.78862	10.00000	1.00	1.00	1	010.15	202112211029	0.1282051D+06	1.0000
A	3	6	4	173	102.27414	27.78903	15.00000	1.00	1.00	1	010.15	202112211029	0.1280065D+06	1.0000
A	3	6	5	173	102.27585	27.78944	20.00000	1.00	1.00	1	010.15	202112211029	0.6393755D+05	1.0000
A	3	7	1	173	102.23100	28.05900	0.00000	1.00	1.00	1	010.15	202112211028	0.6863020D+05	1.0000
A	3	7	2	173	102.23278	28.05905	5.00000	1.00	1.00	1	010.15	202112211028	0.1371734D+06	1.0000
A	3	7	3	173	102.23456	28.05911	10.00000	1.00	1.00	1	010.15	202112211029	0.1370416D+06	1.0000
A	3	7	4	173	102.23634	28.05916	15.00000	1.00	1.00	1	010.15	202112211029	0.1369098D+06	1.0000
A	3	7	5	173	102.23811	28.05921	20.00000	1.00	1.00	1	010.15	202112211029	0.6841137D+05	1.0000
A	3	8	1	173	102.25000	28.27930	0.00000	1.00	1.00	1	010.15	202112211028	0.5895780D+05	1.0000
A	3	8	2	173	102.25178	28.27924	5.00000	1.00	1.00	1	010.15	202112211028	0.1179128D+06	1.0000
A	3	8	3	173	102.25356	28.27918	10.00000	1.00	1.00	1	010.15	202112211029	0.1179086D+06	1.0000
A	3	8	4	173	102.25534	28.27911	15.00000	1.00	1.00	1	010.15	202112211029	0.1179044D+06	1.0000
A	3	8	5	173	102.25713	28.27905	20.00000	1.00	1.00	1	010.15	202112211029	0.5895079D+05	1.0000
A	3	9	1	173	102.25000	28.48270	0.00000	1.00	1.00	1	010.15	202112211028	0.6128001D+05	1.0000
A	3	9	2	173	102.25179	28.48274	5.00000	1.00	1.00	1	010.15	202112211028	0.1225599D+06	1.0000
A	3	9	3	173	102.25357	28.48278	10.00000	1.00	1.00	1	010.15	202112211029	0.1225596D+06	1.0000
A	3	9	4	173	102.25536	28.48281	15.00000	1.00	1.00	1	010.15	202112211029	0.1225595D+06	1.0000
A	3	9	5	173	102.25714	28.48285	20.00000	1.00	1.00	1	010.15	202112211029	0.6127969D+05	1.0000
A	3	10	1	173	102.23800	28.72010	0.00000	1.00	1.00	1	010.15	202112211028	0.5217514D+05	1.0000
A	3	10	2	173	102.23979	28.72004	5.00000	1.00	1.00	1	010.15	202112211028	0.1042713D+06	1.0000
A	3	10	3	173	102.24158	28.71997	10.00000	1.00	1.00	1	010.15	202112211029	0.1041516D+06	1.0000
A	3	10	4	173	102.24337	28.71991	15.00000	1.00	1.00	1	010.15	202112211029	0.1040320D+06	1.0000
A	3	10	5	173	102.24516	28.71985	20.00000	1.00	1.00	1	010.15	202112211029	0.5197648D+05	1.0000
A	3	11	1	173	102.26700	28.85580	0.00000	1.00	1.00	1	010.15	202112211028	0.4383499D+05	1.0000
A	3	11	2	173	102.26874	28.85541	5.00000	1.00	1.00	1	010.15	202112211028	0.8764969D+05	1.0000
A	3	11	3	173	102.27047	28.85502	10.00000	1.00	1.00	1	010.15	202112211029	0.8761875D+05	1.0000
A	3	11	4	173	102.27221	28.85463	15.00000	1.00	1.00	1	010.15	202112211029	0.8758781D+05	1.0000
A	3	11	5	173	102.27395	28.85424	20.00000	1.00	1.00	1	010.15	202112211029	0.4378375D+05	1.0000
A	3	12	1	173	102.32700	29.02520	0.00000	1.00	1.00	1	010.15	202112211028	0.4599184D+05	1.0000
A	3	12	2	173	102.32878	29.02503	5.00000	1.00	1.00	1	010.15	202112211028	0.9208699D+05	1.0000
A	3	12	3	173	102.33057	29.02485	10.00000	1.00	1.00	1	010.15	202112211029	0.9224279D+05	1.0000
A	3	12	4	173	102.33235	29.02468	15.00000	1.00	1.00	1	010.15	202112211029	0.9239852D+05	1.0000
A	3	12	5	173	102.33414	29.02450	20.00000	1.00	1.00	1	010.15	202112211029	0.4625085D+05	1.0000
A	3	13	1	173	102.30800	29.17770	0.00000	1.00	1.00	1	010.15	202112211028	0.2133055D+05	1.0000
A	3	13	2	173	102.30979	29.17787	5.00000	1.00	1.00	1	010.15	202112211028	0.4272403D+05	1.0000
A	3	13	3	173	102.31158	29.17804	10.00000	1.00	1.00	1	010.15	202112211029	0.4281907D+05	1.0000
A	3	13	4	173	102.31336	29.17821	15.00000	1.00	1.00	1	010.15	202112211029	0.4291397D+05	1.0000
A	3	13	5	173	102.31515	29.17838	20.00000	1.00	1.00	1	010.15	202112211029	0.2148834D+05	1.0000
A	4	1	1	172	102.94200	26.82300	0.00000	1.00	1.00	0	010.15	202112211029	0.3329453D+05	1.0000
A	4	1	2	172	102.94374	26.82322	5.00000	1.00	1.00	0	010.15	202112211029	0.6655672D+05	1.0000
A	4	1	3	172	102.94548	26.82345	10.00000	1.00	1.00	0	010.15	202112211029	0.6650774D+05	1.0000
A	4	1	4	172	102.94723	26.82367	15.00000	1.00	1.00	0	010.15	202112211029	0.6645875D+05	1.0000
A	4	1	5	172	102.94897	26.82389	20.00000	1.00	1.00	0	010.15	202112211029	0.3321319D+05	1.0000
A	4	2	1	173	102.90400	27.06020	0.00000	1.00	1.00	0	010.15	202112211029	0.7808462D+05	1.0000
A	4	2	2	173	102.90576	27.06025	5.00000	1.00	1.00	0	010.15	202112211029	0.1561205D+06	1.0000
A	4	2	3	173	102.90752	27.06030	10.00000	1.00	1.00	0	010.15	202112211029	0.1560467D+06	1.0000
A	4	2	4	173	102.90929	27.06034	15.00000	1.00	1.00	0	010.15	202112211029	0.1559729D+06	1.0000
A	4	2	5	173	102.91105	27.06039	20.00000	1.00	1.00	0	010.15	202112211029	0.7796208D+05	1.0000
A	4	3	1	173	102.92300	27.38230	0.00000	1.00	1.00	0	010.15	202112211029	0.8716785D+05	1.0000
A	4	3	2	173	102.92477	27.38226	5.00000	1.00	1.00	0	010.15	202112211029	0.1743271D+06	1.0000
A	4	3	3	173	102.92654	27.38222	10.00000	1.00	1.00	0	010.15	202112211029	0.1743140D+06	1.0000
A	4	3	4	173	102.92830	27.38217	15.00000	1.00	1.00	0	010.15	202112211029	0.1743010D+06	1.0000
A	4	3	5	173	102.93007	27.38213	20.00000	1.00	1.00	0	010.15	202112211029	0.8714620D+05	1.0000
A	4	4	1	173	102.92300	27.68740	0.00000	1.00	1.00	0	010.15	202112211029	0.7769800D+05	1.0000
A	4	4	2	173	102.92477	27.68740	5.00000	1.00	1.00	0	010.15	202112211029	0.1554513D+06	1.0000
A	4	4	3	173	102.92655	27.68740	10.00000	1.00	1.00	0	010.15	202112211029	0.1555350D+06	1.0000
A	4	4	4	173	102.92832	27.68740	15.00000	1.00	1.00	0	010.15	202112211029	0.1556188D+06	1.0000
A	4	4	5	173	102.93009	27.68740	20.00000	1.00	1.00	0	010.15	202112211029	0.7783706D+05	1.0000
A	4	5	1	173	102.92300	27.94160	0.00000	1.00	1.00	0	010.15	202112211029	0.7255718D+05	1.0000
A	4	5	2	173	102.92475	27.94186	5.00000	1.00	1.00	0	010.15	202112211029	0.1452291D+06	1.0000
A	4	5	3	173	102.92651	27.94212	10.00000	1.00	1.00	0	010.15	202112211029	0.1454028D+06	1.0000
A	4	5	4	173	102.92826	27.94238	15.00000	1.00	1.00	0	010.15	202112211029	0.1455764D+06	1.0000
A	4	5	5	173	102.93001	27.94264	20.00000	1.00	1.00	0	010.15	202112211029	0.7284554D+05	1.0000
A	4	6	1	173	102.82700	28.19570	0.00000	1.00	1.00	0	010.15	202112211029	0.6667718D+05	1.0000
A	4	6	2	173	102.82864	28.19631	5.00000	1.00	1.00	0	010.15	202112211029	0.1333926D+06	1.0000
A	4	6	3	173	102.83028	28.19693	10.00000	1.00	1.00	0	010.15	202112211029	0.1334509D+06	1.0000
A	4	6	4	173	102.83192	28.19754	15.00000	1.00	1.00	0	010.15	202112211029	0.1335091D+06	1.0000
A	4	6	5	173	102.83356	28.19815	20.00000	1.00	1.00	0	010.15	202112211029	0.6677366D+05	1.0000
A	4	7	1	173	102.71200	28.38190	0.00000	1.00	1.00	0	010.15	202112211029	0.7240401D+05	1.0000
A	4	7	2	173	102.71370	28.38237	5.00000	1.00	1.00	0	010.15	202112211029	0.1447455D+06	1.0000
A	4	7	3	173	102.71541	28.38283	10.00000	1.00	1.00	0	010.15	202112211029	0.1446514D+06	1.0000
A	4	7	4	173	102.71711	28.38330	15.00000	1.00	1.00	0	010.15	202112211029	0.1445574D+06	1.0000
A	4	7	5	173	102.71882	28.38376	20.00000	1.00	1.00	0	010.15	202112211029	0.7224753D+05	1.0000
A	4	8	1	173	102.65400	28.68690	0.00000	1.00	1.00	0	010.15	202112211029	0.6465389D+05	1.0000
A	4	8	2	173	102.65576	28.68719	5.00000	1.00	1.00	0	010.15	202112211029	0.1293594D+06	1.0000
A	4	8	3	173	102.65752	28.68748	10.00000	1.00	1.00	0	010.15	202112211029	0.1294374D+06	1.0000
A	4	8	4	173	102.65928	28.68777	15.00000	1.00	1.00	0	010.15	202112211029	0.1295155D+06	1.0000
A	4	8	5	173	102.66104	28.68805	20.00000	1.00	1.00	0	010.15	202112211029	0.6478347D+05	1.0000
A	4	9	1	173	102.61500	28.83930	0.00000	1.00	1.00	0	010.15	202112211029	0.5174150D+05	1.0000
A	4	9	2	173	102.61659	28.84003	5.00000	1.00	1.00	0	010.15	202112211029	0.1036221D+06	1.0000
A	4	9	3	173	102.61817	28.84076	10.00000	1.00	1.00	0	010.15	202112211029	0.1038321D+06	1.0000
A	4	9	4	173	102.61976	28.84149	15.00000	1.00	1.00	0	010.15	202112211029	0.1040420D+06	1.0000
A	4	9	5	173	102.62135	28.84222	20.00000	1.00	1.00	0	010.15	202112211029	0.5209052D+05	1.0000
A	4	10	1	173	102.46200	29.00850	0.00000	1.00	1.00	0	010.15	202112211029	0.6006363D+05	1.0000
A	4	10	2	173	102.46341	29.00948	5.00000	1.00	1.00	0	010.15	202112211029	0.1201810D+06	1.0000
A	4	10	3	173	102.46481	29.01045	10.00000	1.00	1.00	0	010.15	202112211029	0.1202625D+06	1.0000
A	4	10	4	173	102.46622	29.01143	15.00000	1.00	1.00	0	010.15	202112211029	0.1203441D+06	1.0000
A	4	10	5	173	102.46762	29.01241	20.00000	1.00	1.00	0	010.15	202112211029	0.6019901D+05	1.0000
A	4	11	1	173	102.30800	29.17770	0.00000	1.00	1.00	0	010.15	202112211029	0.3004512D+05	1.0000
A	4	11	2	173	102.30941	29.17868	5.00000	1.00	1.00	0	010.15	202112211029	0.6009034D+05	1.0000
A	4	11	3	173	102.31081	29.17966	10.00000	1.00	1.00	0	010.15	202112211029	0.6009059D+05	1.0000
A	4	11	4	173	102.31222	29.18064	15.00000	1.00	1.00	0	010.15	202112211029	0.6009087D+05	1.0000
A	4	11	5	173	102.31362	29.18162	20.00000	1.00	1.00	0	010.15	202112211029	0.3004551D+05	1.0000
A	5	1	1	173	102.30800	29.17770	0.00000	1.00	1.00	0	010.15	202112211029	0.7902416D+05	1.0000
A	5	1	2	173	102.30457	29.17863	10.00000	1.00	1.00	0	010.15	202112211029	0.1579458D+06	1.0000
A	5	1	3	173	102.30113	29.17957	20.00000	1.00	1.00	0	010.15	202112211029	0.7892159D+05	1.0000
A	5	2	1	173	102.21200	28.90640	0.00000	1.00	1.00	0	010.15	202112211029	0.2247899D+06	1.0000
A	5	2	2	173	102.20868	28.90759	10.00000	1.00	1.00	0	010.15	202112211029	0.4494022D+06	1.0000
A	5	2	3	173	102.20536	28.90878	20.00000	1.00	1.00	0	010.15	202112211029	0.2246123D+06	1.0000
A	5	3	1	173	101.96200	28.43130	0.00000	1.00	1.00	0	010.15	202112211029	0.2726015D+06	1.0000
A	5	3	2	173	101.95879	28.43267	10.00000	1.00	1.00	0	010.15	202112211029	0.5449287D+06	1.0000
A	5	3	3	173	101.95557	28.43404	20.00000	1.00	1.00	0	010.15	202112211029	0.2723272D+06	1.0000
A	5	4	1	173	101.73100	28.02410	0.00000	1.00	1.00	0	010.15	202112211029	0.2404287D+06	1.0000
A	5	4	2	173	101.72811	28.02593	10.00000	1.00	1.00	0	010.15	202112211029	0.4803655D+06	1.0000
A	5	4	3	173	101.72521	28.02775	20.00000	1.00	1.00	0	010.15	202112211029	0.2399368D+06	1.0000
A	5	5	1	173	101.40400	27.73540	0.00000	1.00	1.00	0	010.15	202112211029	0.2624762D+06	1.0000
A	5	5	2	173	101.40171	27.73780	10.00000	1.00	1.00	0	010.15	202112211029	0.5246715D+06	1.0000
A	5	5	3	173	101.39942	27.74020	20.00000	1.00	1.00	0	010.15	202112211029	0.2621953D+06	1.0000
A	5	6	1	172	100.92300	27.41240	0.00000	1.00	1.00	0	010.15	202112211029	0.2729799D+06	1.0000
A	5	6	2	172	100.92068	27.41477	10.00000	1.00	1.00	0	010.15	202112211029	0.5459862D+06	1.0000
A	5	6	3	172	100.91836	27.41714	20.00000	1.00	1.00	0	010.15	202112211029	0.2730063D+06	1.0000
A	5	7	1	163	100.57700	27.08970	0.00000	1.00	1.00	0	010.15	202112211029	0.2258453D+06	1.0000
A	5	7	2	163	100.57464	27.09204	10.00000	1.00	1.00	0	010.15	202112211029	0.4515770D+06	1.0000
A	5	7	3	163	100.57229	27.09437	20.00000	1.00	1.00	0	010.15	202112211029	0.2257317D+06	1.0000
A	5	8	1	158	100.25000	26.86880	0.00000	1.00	1.00	0	010.15	202112211029	0.1770019D+06	1.0000
A	5	8	2	158	100.24794	26.87135	10.00000	1.00	1.00	0	010.15	202112211029	0.3538422D+06	1.0000
A	5	8	3	158	100.24589	26.87390	20.00000	1.00	1.00	0	010.15	202112211029	0.1768402D+06	1.0000
A	5	9	1	151	100.00000	26.71580	0.00000	1.00	1.00	0	010.15	202112211029	0.7528551D+05	1.0000
A	5	9	2	151	99.99802	26.71840	10.00000	1.00	1.00	0	010.15	202112211029	0.1505383D+06	1.0000
A	5	9	3	151	99.99604	26.72099	20.00000	1.00	1.00	0	010.15	202112211029	0.7525277D+05	1.0000
A	6	1	1	173	102.07700	29.94000	0.00000	1.00	1.00	0	010.15	202112211029	0.1720983D+06	1.0000
A	6	1	2	173	102.06643	29.89908	10.00000	1.00	1.00	0	010.15	202112211029	0.3442768D+06	1.0000
A	6	1	3	173	102.05588	29.85815	20.00000	1.00	1.00	0	010.15	202112211029	0.1721787D+06	1.0000
A	6	2	1	173	102.70800	29.81540	0.00000	1.00	1.00	0	010.15	202112211029	0.2318409D+06	1.0000
A	6	2	2	173	102.69741	29.77448	10.00000	1.00	1.00	0	010.15	202112211029	0.4629563D+06	1.0000
A	6	2	3	173	102.68682	29.73357	20.00000	1.00	1.00	0	010.15	202112211029	0.2311202D+06	1.0000
A	6	3	1	173	102.92700	29.77070	0.00000	1.00	1.00	0	010.15	202112211029	0.1393198D+06	1.0000
A	6	3	2	173	102.91410	29.73029	10.00000	1.00	1.00	0	010.15	202112211029	0.2751723D+06	1.0000
A	6	3	3	173	102.90127	29.68986	20.00000	1.00	1.00	0	010.15	202112211029	0.1360769D+06	1.0000
A	6	4	1	173	103.21500	29.69180	0.00000	1.00	1.00	0	010.15	202112211029	0.1027040D+06	1.0000
A	6	4	2	173	103.19430	29.65392	10.00000	1.00	1.00	0	010.15	202112211029	0.1874822D+06	1.0000
A	6	4	3	173	103.17595	29.61513	20.00000	1.00	1.00	0	010.15	202112211029	0.8455543D+05	1.0000
A	6	5	1	173	103.28100	29.62340	0.00000	1.00	1.00	0	010.15	202112211029	0.9472303D+05	1.0000
A	6	5	2	173	103.23371	29.61511	10.00000	1.00	1.00	0	010.15	202112211029	0.1729011D+06	1.0000
A	6	5	3	173	103.18593	29.60933	20.00000	1.00	1.00	0	010.15	202112211029	0.7758777D+05	1.0000
A	6	6	1	173	103.28500	29.38790	0.00000	1.00	1.00	0	010.15	202112211029	0.1366791D+06	1.0000
A	6	6	2	173	103.23696	29.38533	10.00000	1.00	1.00	0	010.15	202112211029	0.2743101D+06	1.0000
A	6	6	3	173	103.18893	29.38273	20.00000	1.00	1.00	0	010.15	202112211029	0.1378983D+06	1.0000
A	6	7	1	173	103.31200	29.17970	0.00000	1.00	1.00	0	010.15	202112211029	0.1211968D+06	1.0000
A	6	7	2	173	103.26531	29.16987	10.00000	1.00	1.00	0	010.15	202112211029	0.2494888D+06	1.0000
A	6	7	3	173	103.21864	29.15996	20.00000	1.00	1.00	0	010.15	202112211029	0.1282804D+06	1.0000
A	6	8	1	173	103.38800	29.01240	0.00000	1.00	1.00	0	010.15	202112211029	0.1115111D+06	1.0000
A	6	8	2	173	103.34538	28.99318	10.00000	1.00	1.00	0	010.15	202112211029	0.2249269D+06	1.0000
A	6	8	3	173	103.30272	28.97403	20.00000	1.00	1.00	0	010.15	202112211029	0.1134665D+06	1.0000
A	6	9	1	173	103.50000	28.85860	0.00000	1.00	1.00	0	010.15	202112211029	0.9401069D+05	1.0000
A	6	9	2	173	103.45490	28.84452	10.00000	1.00	1.00	0	010.15	202112211029	0.1781850D+06	1.0000
A	6	9	3	173	103.41002	28.82990	20.00000	1.00	1.00	0	010.15	202112211029	0.8412841D+05	1.0000
A	6	10	1	173	103.50400	28.72550	0.00000	1.00	1.00	0	010.15	202112211029	0.1065180D+06	1.0000
A	6	10	2	173	103.45644	28.72990	10.00000	1.00	1.00	0	010.15	202112211029	0.2038435D+06	1.0000
A	6	10	3	173	103.40895	28.73479	20.00000	1.00	1.00	0	010.15	202112211029	0.9727191D+05	1.0000
A	6	11	1	173	103.45800	28.50720	0.00000	1.00	1.00	0	010.15	202112211029	0.1322675D+06	1.0000
A	6	11	2	173	103.41121	28.51546	10.00000	1.00	1.00	0	010.15	202112211029	0.2641237D+06	1.0000
A	6	11	3	173	103.36442	28.52371	20.00000	1.00	1.00	0	010.15	202112211029	0.1319434D+06	1.0000
A	6	12	1	173	103.40800	28.30250	0.00000	1.00	1.00	0	010.15	202112211029	0.9643754D+05	1.0000
A	6	12	2	173	103.36079	28.30808	10.00000	1.00	1.00	0	010.15	202112211029	0.2002751D+06	1.0000
A	6	12	3	173	103.31353	28.31328	20.00000	1.00	1.00	0	010.15	202112211029	0.1037951D+06	1.0000
A	6	13	1	173	103.41200	28.20350	0.00000	1.00	1.00	0	010.15	202112211029	0.7648018D+05	1.0000
A	6	13	2	173	103.36578	28.19353	10.00000	1.00	1.00	0	010.15	202112211029	0.1578463D+06	1.0000
A	6	13	3	173	103.31945	28.18399	20.00000	1.00	1.00	0	010.15	202112211029	0.8133340D+05	1.0000
A	6	14	1	173	103.47300	28.06690	0.00000	1.00	1.00	0	010.15	202112211029	0.9425064D+05	1.0000
A	6	14	2	173	103.42605	28.06041	10.00000	1.00	1.00	0	010.15	202112211029	0.1850962D+06	1.0000
A	6	14	3	173	103.37911	28.05388	20.00000	1.00	1.00	0	010.15	202112211029	0.9093591D+05	1.0000
A	6	15	1	173	103.46500	27.90310	0.00000	1.00	1.00	0	010.15	202112211029	0.9237085D+05	1.0000
A	6	15	2	173	103.41758	27.90164	10.00000	1.00	1.00	0	010.15	202112211029	0.1762234D+06	1.0000
A	6	15	3	173	103.37017	27.89973	20.00000	1.00	1.00	0	010.15	202112211029	0.8388418D+05	1.0000
A	6	16	1	173	103.48500	27.75970	0.00000	1.00	1.00	0	010.15	202112211029	0.8054648D+05	1.0000
A	6	16	2	173	103.44069	27.77458	10.00000	1.00	1.00	0	010.15	202112211029	0.1461277D+06	1.0000
A	6	16	3	173	103.39619	27.78900	20.00000	1.00	1.00	0	010.15	202112211029	0.6533949D+05	1.0000
A	6	17	1	173	103.36900	27.67790	0.00000	1.00	1.00	0	010.15	202112211029	0.8806840D+05	1.0000
A	6	17	2	173	103.33882	27.71022	10.00000	1.00	1.00	0	010.15	202112211029	0.1693379D+06	1.0000
A	6	17	3	173	103.30933	27.74303	20.00000	1.00	1.00	0	010.15	202112211029	0.8118527D+05	1.0000
A	6	18	1	173	103.23100	27.57230	0.00000	1.00	1.00	0	010.15	202112211029	0.1032784D+06	1.0000
A	6	18	2	173	103.19766	27.60205	10.00000	1.00	1.00	0	010.15	202112211029	0.2110318D+06	1.0000
A	6	18	3	173	103.16427	27.63177	20.00000	1.00	1.00	0	010.15	202112211029	0.1078634D+06	1.0000
A	6	19	1	173	103.10400	27.44280	0.00000	1.00	1.00	0	010.15	202112211029	0.1041285D+06	1.0000
A	6	19	2	173	103.06560	27.46724	10.00000	1.00	1.00	0	010.15	202112211029	0.2176808D+06	1.0000
A	6	19	3	173	103.02698	27.49142	20.00000	1.00	1.00	0	010.15	202112211029	0.1135292D+06	1.0000
A	6	20	1	173	103.01500	27.30300	0.00000	1.00	1.00	0	010.15	202112211029	0.1997388D+06	1.0000
A	6	20	2	173	102.96905	27.31258	10.00000	1.00	1.00	0	010.15	202112211029	0.4076931D+06	1.0000
A	6	20	3	173	102.92315	27.32233	20.00000	1.00	1.00	0	010.15	202112211030	0.2079223D+06	1.0000
A	6	21	1	172	102.94200	26.82300	0.00000	1.00	1.00	0	010.15	202112211029	0.1492843D+06	1.0000
A	6	21	2	172	102.89544	26.82867	10.00000	1.00	1.00	0	010.15	202112211029	0.3001960D+06	1.0000
A	6	21	3	172	102.84888	26.83434	20.00000	1.00	1.00	0	010.15	202112211030	0.1509299D+06	1.0000
